1;0.092705917020794
2;0.20670375606277958
3;0.31726139510283247
4;0.4167770210769959
5;0.5244637310970575
6;0.5878803770756349
7;0.6914480500854552
8;0.7947344120475464
9;0.8937711100443266
10;0.9978080200380646
11;1.1006711920490488
12;1.207956244063098
13;1.3077512860763818
14;1.4130249040899798
15;1.5041481350781396
16;1.6052481320803054
17;1.7061213561100885
18;1.8095364330802113
19;1.912476806086488
20;2.0164481531246565
21;2.2767266021692194
22;2.3798285181983374
23;2.4848656312096864
24;2.582321992260404
25;2.6862747072591446
26;2.790506878285669
27;2.9030461293295957
28;2.9806871113250963
29;3.0844630813226104
30;3.1840316993184388
31;3.2874234523042105
32;3.390494499297347
33;3.4906152113107964
34;3.5965364713338204
35;3.695452517364174
36;3.796782606339548
37;3.895730332355015
38;3.9955142233520746
39;4.072603140375577
40;4.173657031380571
41;4.2693585063680075
42;4.36995193437906
43;4.469984263356309
44;4.572527648357209
45;4.698144492402207
46;4.806112491351087
47;4.90683010435896
48;5.0100142223527655
49;5.072340248385444
50;5.174438372370787
51;5.27814749837853
52;5.378899210365489
53;5.483411987370346
54;5.590742763364688
55;5.690959109400865
56;5.796747609390877
57;5.896412916423287
58;6.003354626416694
59;6.069257693423424
60;6.168545839434955
61;6.272137674444821
62;6.372971671400592
63;6.4729098624084145
64;6.580105183413252
65;6.680749005405232
66;6.784660787379835
67;6.886597621371038
68;6.9913250943645835
69;7.092128225369379
70;7.192136954341549
71;7.294659463339485
72;7.3932406603125855
73;7.521579327352811
74;7.63087289937539
75;7.721335186390206
76;7.8248416093993
77;7.9264796313946135
78;8.031594258383848
79;8.13547973439563
80;8.2032325383625
81;8.303938266355544
82;8.429612622363493
83;8.541031613363884
84;8.64739552437095
85;8.748593795346096
86;8.851701498380862
87;8.954551661387086
88;9.056918651389424
89;9.130685604352038
90;9.236417318345048
91;9.33883644535672
92;9.442640367371496
93;9.550558084389195
94;9.658156692399643
95;9.764868413389195
96;9.866018858388998
97;9.969590821419843
98;10.07355877943337
99;10.17581311747199
100;10.271591704513412
101;10.377475732530002
102;10.477451268525328
103;10.576651088544168
104;10.680868993571494
105;10.796011652622838
106;10.893676973588299
107;10.997647741576657
108;11.063922348606866
109;11.166366672609001
110;11.268215261574369
111;11.367470219614916
112;11.471582019585185
113;11.592025338555686
114;11.695255575526971
115;11.799660237506032
116;11.898732559522614
117;12.002496310509741
118;12.101735088508576
119;12.205460149503779
120;12.309976417513099
121;12.412055141525343
122;12.519536068546586
123;12.725491448538378
124;12.879591301549226
125;12.983064455562271
126;13.059894309553783
127;13.17814726458164
128;13.281652918609325
129;13.385993307630997
130;13.489251884631813
131;13.589334129588678
132;13.691692882566713
133;13.792574968538247
134;13.894679259567056
135;13.998040633567143
136;14.098674828535877
137;14.200495309545659
138;14.304308030579705
139;14.404935222584754
140;14.470348424627446
141;14.569611626619007
142;14.687533164629713
143;14.787292025634088
144;14.889822144643404
145;14.996236344624776
146;15.10149335861206
147;15.163043181586545
148;15.265685798600316
149;15.37976130261086
150;15.487465181620792
151;15.589772503590211
152;15.694652192585636
153;15.768234680581372
154;15.873725936573464
155;15.949126155581325
156;16.095775327587035
157;16.204484289570246
158;16.26900921057677
159;16.34110657457495
160;16.442389452597126
161;16.50622840062715
162;16.607096011633985
163;16.67073409561999
164;16.773512597603258
165;16.873080943594687
166;16.975953922607005
167;17.037306507583708
168;17.139748615620192
169;17.20648172061192
170;17.27006860356778
171;17.370371970522683
172;17.470735883514863
173;17.573415201506577
174;17.677091597521212
175;17.780324848543387
176;17.88085175055312
177;17.9840031285421
178;18.07849479757715
179;18.180909226590302
180;18.28432264161529
181;18.38470238359878
182;18.453741403587628
183;18.523820447560865
184;18.626097518601455
185;18.7276951886015
186;18.791995373554528
187;18.897595512564294
188;18.98500128753949
189;19.051581723499112
190;19.154110076487996
191;19.216989922511857
192;19.284911934519187
193;19.348523860564455
194;19.45139648654731
195;19.54969550250098
196;19.653056462528184
197;19.721152223530225
198;19.791207503527403
199;19.891918702516705
200;19.952961950504687
201;20.022013759531546
202;20.12344022456091
203;20.18633541656891
204;20.25463338859845
205;20.323727180599235
206;20.390925885585602
207;20.45458459260408
208;20.532113996567205
209;20.601699623570312
210;20.704278736608103
211;20.771863366651814
212;20.85817643563496
213;20.96251787163783
214;21.066067426640075
215;21.132047337654512
216;21.2001876696595
217;21.28711522964295
218;21.349767891631927
219;21.414148949610535
220;21.480543761630543
221;21.62136084958911
222;21.723867751599755
223;21.826458128576633
224;21.92497454758268
225;22.02942995459307
226;22.12848561856663
227;22.2274286855245
228;22.294779937539715
229;22.394860053551383
230;22.49771932559088
231;22.601928230607882
232;22.666565920575522
233;22.728982862550765
234;22.789839515520725
235;22.850347200524993
236;22.948699066531844
237;23.033352913567796
238;23.13156497158343
239;23.233243428578135
240;23.334351619589143
241;23.438350667594932
242;23.53730531060137
243;23.632377420610283
244;23.735248487617355
245;23.834384432586376
246;23.936453042610083
247;24.03752667561639
248;24.136018334596884
249;24.22102129959967
250;24.323438403604086
251;24.4272925585974
252;24.526769388641696
253;24.62531642965041
254;24.72462445468409
255;24.792840343667194
256;24.860388009692542
257;24.961237807699945
258;25.05967631668318
259;25.122440566658042
260;25.22783164161956
261;25.293101250601467
262;25.3911228646175
263;25.494239619583823
264;25.55401794757927
265;25.657225169532467
266;25.76285249751527
267;25.864428997505456
268;25.96415860549314
269;26.067324955482036
270;26.16359458846273
271;26.265739013440907
272;26.365383505471982
273;26.433038926508743
274;26.53502331051277
275;26.63469857047312
276;26.73807033948833
277;26.80218908947427
278;26.901439726469107
279;26.964310568466317
280;27.06419195543276
281;27.121254647441674
282;27.221723182417918
283;27.290869928430766
284;27.35791697143577
285;27.45826642640168
286;27.560619703435805
287;27.70287976745749
288;27.787273236433975
289;27.888589110400062
290;27.947798834415153
291;28.015317817451432
292;28.1205702094594
293;28.220022928435355
294;28.288666281441692
295;28.393128984433133
296;28.49304496444529
297;28.596454227459617
298;28.699521985428873
299;28.765214318409562
300;28.83791527437279
301;28.936503026401624
302;29.03276641841512
303;29.128367408411577
304;29.229979805415496
305;29.32902491639834
306;29.428702489414718
307;29.527424741361756
308;29.59391909034457
309;29.69498965330422
310;29.79603129532188
311;29.892301136336755
312;29.99379535234766
313;30.060745297349058
314;30.146044317341875
315;30.25026288535446
316;30.323262368387077
317;30.422757593390997
318;30.498809323413298
319;30.599591214384418
320;30.69987124839099
321;30.805034075397998
322;30.90770941140363
323;31.007730038370937
324;31.11010364635149
325;31.210309917340055
326;31.280332736321725
327;31.378422668378334
328;31.483099614386447
329;31.585976900416426
330;31.690135522396304
331;31.794806479418185
332;31.899272039416246
333;31.95846183039248
334;32.05599595338572
335;32.160516877425835
336;32.25937034445815
337;32.3261485514231
338;32.42828485742211
339;32.55131026543677
340;32.65526690345723
341;32.75474612344988
342;32.853782178484835
343;32.953131236485206
344;33.05592151446035
345;33.16005651344312
346;33.227533596451394
347;33.288128250453155
348;33.39166641246993
349;33.45411548251286
350;33.555565120477695
351;33.623345289495774
352;33.72746634151554
353;33.88249771052506
354;33.95381910254946
355;34.05528749653604
356;34.15487197955372
357;34.25950936554
358;34.361699846514966
359;34.46543030854082
360;34.56943360058358
361;34.673315350548364
362;34.77390552352881
363;34.86376898252638
364;34.936566065531224
365;35.03542138449848
366;35.12965874950169
367;35.23367895348929
368;35.33569594146684
369;35.44049049046589
370;35.5396909074625
371;35.60641223646235
372;35.709610443445854
373;35.811900260450784
374;35.87897236546269
375;35.97565159347141
376;36.07899969647406
377;36.18304125848226
378;36.24787739146268
379;36.34367025946267
380;36.431238344463054
381;36.496578011487145
382;36.598573624447454
383;36.70159462245647
384;36.769722595461644
385;36.870696870435495
386;36.93570637446828
387;37.04034010745818
388;37.10697408346459
389;37.207531167485286
390;37.27362643246306
391;37.377675944473594
392;37.47955672547687
393;37.57945470948471
394;37.68200632452499
395;37.782234264479484
396;37.884898632531986
397;37.980952883546706
398;38.08355265157297
399;38.143893793574534
400;38.24789188057184
401;38.34738057258073
402;38.409775754553266
403;38.50996384653263
404;38.61360001756111
405;38.71602856356185
406;38.78445854957681
407;38.886123002565
408;38.98436563357245
409;39.04797099257121
410;39.11291145457653
411;39.19791998859728
412;39.300247187609784
413;39.35797091561835
414;39.42463632358704
415;39.52605416957522
416;39.629546755575575
417;39.73244951455854
418;39.80828176252544
419;39.936999739555176
420;40.040921584528405
421;40.1448338344926
422;40.201840206456836
423;40.30370745045366
424;40.40618846047437
425;40.508660744468216
426;40.61101918545319
427;40.708063357451465
428;40.77477685443591
429;40.84220726840431
430;40.93951506738085
431;41.04204204736743
432;41.10656190733425
433;41.20927260030294
434;41.267697571311146
435;41.37093650631141
436;41.46654658130137
437;41.5358542263275
438;41.64256290032063
439;41.709432822302915
440;41.77060314430855
441;41.87551912327763
442;41.97403015429154
443;42.077453252335545
444;42.1807483372977
445;42.28179818531498
446;42.38503074430628
447;42.48495863331482
448;42.549568256305065
449;42.65220616932493
450;42.75731492630439
451;42.86032465629978
452;42.95027506526094
453;43.052713660290465
454;43.11262419127161
455;43.17989537731046
456;43.25031029729871
457;43.349069982301444
458;43.40926310728537
459;43.51194710924756
460;43.615116483240854
461;43.67603211326059
462;43.73974614730105
463;43.83418570930371
464;43.89473401027499
465;43.994454153231345
466;44.09398309024982
467;44.1937076432514
468;44.2894363332307
469;44.39365295524476
470;44.49690884526353
471;44.595774587243795
472;44.658857634232845
473;44.7254169282387
474;44.82335206627613
475;44.92688155331416
476;45.03032613929827
477;45.09244194428902
478;45.2125280952896
479;45.31303372728871
480;45.41290299827233
481;45.51605937228305
482;45.620195072260685
483;45.72031615523156
484;45.80442612821935
485;45.91420300822938
486;46.01601360825589
487;46.11835778824752
488;46.22240561823128
489;46.31844983220799
490;46.42006847722223
491;46.523776574234944
492;46.63414918421768
493;46.69765927019762
494;46.79294251918327
495;46.895243860199116
496;46.999499187164474
497;47.10509597219061
498;47.206958286173176
499;47.30763925117208
500;47.375403184152674
501;47.47784539515851
502;47.57733228820143
503;47.68019864021335
504;47.77547341119498
505;47.87924583716085
506;47.941384042205755
507;48.001553298207
508;48.10155624122126
509;48.20411839324515
510;48.2784693322028
511;48.361964873212855
512;48.46095743519254
513;48.5624054732034
514;48.6650572802173
515;48.73118754121242
516;48.82929125218652
517;48.92346074618399
518;49.02232579316478
519;49.12034890113864
520;49.22310831514187
521;49.322345536143985
522;49.39251090615289
523;49.49595106212655
524;49.59975749213481
525;49.7034405611339
526;49.80331739317626
527;49.90266379213426
528;50.00483703613281
529;50.108780236158054
530;50.169634446152486
531;50.23344641714357
532;50.33670829213224
533;50.422914367110934
534;50.522914330125786
535;50.62754312809557
536;50.69017857708968
537;50.745816336071584
538;50.80941749905469
539;50.90343261207454
540;51.00666855007876
541;51.110731281049084
542;51.214127467013896
543;51.31479546404444
544;51.40922637004405
545;51.473060261050705
546;51.538461761083454
547;51.64068592211697
548;51.745084480091464
549;51.81046737107681
550;51.91239441407379
551;52.05481739010429
552;52.1581921231118
553;52.259896847070195
554;52.362702379061375
555;52.458084607089404
556;52.560574036091566
557;52.627329854120035
558;52.69595570612
559;52.79663951409748
560;52.86957816709764
561;52.93319652311038
562;53.033951080054976
563;53.13830068707466
564;53.202717934094835
565;53.305134749098215
566;53.391021343064494
567;53.49300225707702
568;53.59286463505123
569;53.695139291055966
570;53.795110216073226
571;53.851572990068235
572;53.95212349307258
573;54.051998918061145
574;54.15446086105658
575;54.217196193058044
576;54.31851656205254
577;54.421333053091075
578;54.52601759508252
579;54.629417701100465
580;54.72924542409601
581;54.832397459074855
582;54.93247013405198
583;54.996611861046404
584;55.09876569506014
585;55.16021168709267
586;55.21846423007082
587;55.286217755114194
588;55.38523390115006
589;55.48758462810656
590;55.54718036012491
591;55.614303269132506
592;55.670841645100154
593;55.73302059411071
594;55.80425083509181
595;55.90417035005521
596;56.00930827006232
597;56.1127870650962
598;56.18631817610003
599;56.2525019600871
600;56.31494155811379
601;56.415154566115234
602;56.516078249085695
603;56.61975237907609
604;56.68618481408339
605;56.74965154210804
606;56.817694642115384
607;56.9211360491463
608;57.024518270161934
609;57.0923561861855
610;57.192969621159136
611;57.296447989181615
612;57.399717178195715
613;57.46772424218943
614;57.53151080716634
615;57.59364012116566
616;57.69567684415961
617;57.806632359162904
618;57.90515736315865
619;58.00807763112243
620;58.11045164614916
621;58.171612210106105
622;58.2345299461158
623;58.297002426115796
624;58.408221044112
625;58.509578906116076
626;58.60878335009329
627;58.67197114712326
628;58.740572978102136
629;58.80099956115009
630;58.89969630114501
631;58.965907723177224
632;59.06717775820289
633;59.17058676521992
634;59.25961184618063
635;59.36015941220103
636;59.4638063441962
637;59.52459662623005
638;59.58771156222792
639;59.64999615517445
640;59.74996732221916
641;59.84943750721868
642;59.910393922182266
643;59.974223935219925
644;60.07691338821314
645;60.17775873321807
646;60.28059418022167
647;60.382299942255486
648;60.48641355225118
649;60.582084742200095
650;60.6481944922125
651;60.71967910620151
652;60.78075525019085
653;60.8810346761602
654;60.98083153110929
655;61.08111215510871
656;61.18396489409497
657;61.24430177808972
658;61.30227986513637
659;61.404806365142576
660;61.47310920414748
661;61.54073584417347
662;61.64401706319768
663;61.74621183722047
664;61.84611626318656
665;61.94513871718664
666;62.0119583432097
667;62.0789015761693
668;62.139762041158974
669;62.20990746316966
670;62.32808969717007
671;62.43239847914083
672;62.535632816143334
673;62.59864126710454
674;62.70100631011883
675;62.76833968615392
676;62.86887359916
677;62.972505217185244
678;63.076294317201246
679;63.176950459193904
680;63.2798472691793
681;63.38524000317557
682;63.52782373415539
683;63.59676285611931
684;63.67475730512524
685;63.776344463112764
686;63.879952364077326
687;63.98539912607521
688;64.08485809108242
689;64.1519062370644
690;64.25356638006633
691;64.35263701103395
692;64.4186748790089
693;64.48041085200384
694;64.53707979799947
695;64.63943145802477
696;64.69720816501649
697;64.80000663502142
698;64.90048876201035
699;65.00391197798308
700;65.10833610594273
701;65.17067257798044
702;65.27258623298258
703;65.37067445699358
704;65.43842221802333
705;65.53933767502895
706;65.6431472050026
707;65.7429783110274
708;65.84308574802708
709;65.9408097389969
710;66.04419686301844
711;66.11228929902427
712;66.21224691101816
713;66.27771603205474
714;66.3767950530164
715;66.47996838804102
716;66.57965504209278
717;66.67975104606012
718;66.77047034102725
719;66.87115507904673
720;66.97519625903806
721;67.0757927930681
722;67.173675519065
723;67.23994183610193
724;67.30704533011885
725;67.41026484809117
726;67.51391124509973
727;67.61835873808013
728;67.71721260907361
729;67.81185281008948
730;67.91370949114207
731;68.01315485412488
732;68.11409540608292
733;68.2123309840681
734;68.31597478804179
735;68.40831711504143
736;68.50907557003666
737;68.60860461101402
738;68.70227640098892
739;68.80124519800302
740;68.90041717101121
741;68.96444450801937
742;69.06912192405434
743;69.17149688809877
744;69.27215770707699
745;69.33678374008741
746;69.39959268807434
747;69.50159588409588
748;69.60148092109011
749;69.66258552210638
750;69.72992083511781
751;69.82917289610486
752;69.89776615210576
753;69.9966286321287
754;70.10120032518171
755;70.19884053018177
756;70.26225983718177
757;70.36143054417334
758;70.4286493731779
759;70.5300706391572
760;70.63458685216028
761;70.73678316717269
762;70.8401807101327
763;70.93914943013806
764;71.04355159017723
765;71.14340638020076
766;71.24826484319055
767;71.34790779819014
768;71.44630672020139
769;71.54978067218326
770;71.65013301419094
771;71.71531380317174
772;71.77279005816672
773;71.87514468817972
774;71.93904626613948
775;72.00581480312394
776;72.10816557909129
777;72.20257647609105
778;72.26285213505616
779;72.3634554130258
780;72.4273983000312
781;72.48923895001644
782;72.55033609300153
783;72.63971020997269
784;72.73920684494078
785;72.83829644491198
786;72.94034901686246
787;73.00833501084708
788;73.11238796485122
789;73.2134763438371
790;73.31353073485661
791;73.38042735686759
792;73.44784118188545
793;73.51655175688211
794;73.57769878086401
795;73.67805524187861
796;73.78158126887865
797;73.88087240187451
798;73.98438676889054
799;74.05142674187664
800;74.15503252187045
801;74.25738179986365
802;74.35679835890187
803;74.45001080288785
804;74.51444344490301
805;74.61444759194274
806;74.68411645997548
807;74.77983699698234
808;74.88177318999078
809;74.9857721659937
810;75.09013899497222
811;75.18937027495122
812;75.28965700697154
813;75.38954223197652
814;75.53271987900371
815;75.63602107501356
816;75.73487325903261
817;75.8329034440685
818;75.93639052804792
819;76.0035212240764
820;76.10449594707461
821;76.1687313010334
822;76.23528173699742
823;76.33594658900984
824;76.44068600703031
825;76.54287337203277
826;76.61048076499719
827;76.67093087104149
828;76.73307813704014
829;76.83442387200193
830;76.93777124100598
831;77.00356147898128
832;77.10645702295005
833;77.16576689097565
834;77.22654666099697
835;77.32358834100887
836;77.38535015599336
837;77.44577681994997
838;77.50749864592217
839;77.6084670618875
840;77.68886383186327
841;77.79103275283705
842;77.85838299285388
843;77.9257255808916
844;78.02520437788917
845;78.12839639786398
846;78.22945806686766
847;78.33144919783808
848;78.43013461184455
849;78.53074803284835
850;78.63597285281867
851;78.74132830282906
852;78.84305704984581
853;78.91772794583812
854;79.02084564580582
855;79.12112413585419
856;79.21916461887304
857;79.32262531883316
858;79.39490286685759
859;79.45919909287477
860;79.52593156689545
861;79.62531254388159
862;79.72361945186276
863;79.82681768090697
864;79.92939864995424
865;79.99390918394784
866;80.06110914592864
867;80.15802753093885
868;80.25232525193132
869;80.31528618693119
870;80.41537756792968
871;80.48248186090495
872;80.54625552392099
873;80.64557091688039
874;80.711982509878
875;80.81188597087748
876;80.87636617186945
877;80.97560057486407
878;81.03826238086913
879;81.1392670548521
880;81.25283508287976
881;81.35755555384094
882;81.45711557683535
883;81.5245013218373
884;81.62616377481027
885;81.72775270178681
886;81.82778172579128
887;81.93182305176742
888;81.99777744075982
889;82.10024414077634
890;82.2038388037472
891;82.30609263875522
892;82.40756635071011
893;82.5099240076961
894;82.60959888569778
895;82.70836757670622
896;82.8078804987017
897;82.90804427571129
898;82.97454244375695
899;83.07306932879146
900;83.13557071774267
901;83.23786151374225
902;83.33700359670911
903;83.43925573170418
904;83.50779438071186
905;83.56857164471876
906;83.6314613816794
907;83.73530323168961
908;83.83830628468422
909;83.94206938071875
910;84.00385999470018
911;84.10659959272016
912;84.20552937767934
913;84.26872138964245
914;84.325076938665
915;84.42624825169332
916;84.5289104997064
917;84.59560255566612
918;84.69708727364196
919;84.79640344460495
920;84.9013141245814
921;85.00506466353545
922;85.0637520205346
923;85.13295322854538
924;85.23311503155855
925;85.33635237754788
926;85.43981087056454
927;85.53997435659403
928;85.6065673296107
929;85.70716762560187
930;85.77433906757506
931;85.87563446955755
932;85.94068131456152
933;86.0439906755928
934;86.10924587363843
935;86.21026156860171
936;86.3120587685844
937;86.41464658256155
938;86.51857044460485
939;86.58627845358569
940;86.68770175857935
941;86.79228307859739
942;86.89537586155348
943;86.96235349058406
944;87.06554599059746
945;87.16365336760646
946;87.2917670425959
947;87.39553322660504
948;87.49510011565872
949;87.5622430726653
950;87.62227420165436
951;87.68361348169856
952;87.7851017517387
953;87.88880377676105
954;87.95617398276227
955;88.0570543227368
956;88.1183999486966
957;88.21516332367901
958;88.2793022976839
959;88.33533905568765
960;88.40261347068008
961;88.46538654866163
962;88.56940900167683
963;88.66977601067629
964;88.7650933516561
965;88.8677332266816
966;88.9663644527318
967;89.06567843869561
968;89.12345530069433
969;89.22372510068817
970;89.3225754906307
971;89.38943707762519
972;89.49426695861621
973;89.59479843062581
974;89.65743808064144
975;89.75735637260368
976;89.85714128363179
977;89.95951703458559
978;90.06440135056619
979;90.16332524054451
980;90.26309035957092
981;90.33062757353764
982;90.43347266048659
983;90.5344967514975
984;90.63746059249388
985;90.7412956384942
986;90.80589550046716
987;90.91054078441812
988;91.01454114541411
989;91.10095708537847
990;91.19685937435133
991;91.30084915936459
992;91.40096943936078
993;91.50487989734393
994;91.57229453831678
995;91.6757002993254
996;91.77519748528721
997;91.8790399452555
998;91.98265835625352
999;92.05055993725546
1000;92.11795507220086
1001;92.21761519019492
1002;92.3167213932029
1003;92.43602326820837
1004;92.53933150821831
1005;92.59952732216334
